Files already downloaded and verified
Files already downloaded and verified

Overall Metrics:
CAD: 0.2067
Global Negative Bias (Gn): [0.00372632 0.00538072 0.00625456 0.00432334 0.00335305 0.00594316
 0.00627034 0.00585603 0.00699765 0.00627136 0.00888176 0.00538646
 0.00323449 0.00637472 0.0062111  0.00534856 0.00681399 0.00309064
 0.00598852 0.00305609 0.00944963 0.00362738 0.00669065 0.00842803
 0.00458921 0.00874968 0.00536931 0.00304123 0.00629706 0.00586193
 0.00635048 0.00598063 0.00701458 0.00359083 0.00382436 0.00405024
 0.00403451 0.00399429 0.00443595 0.01073983 0.0204935  0.01103509
 0.00292193 0.00261556 0.00848449 0.00592247 0.0050567  0.00395142
 0.00707145 0.00699927 0.00615283 0.00402958 0.00980422 0.01607121
 0.00587587 0.0037238  0.00396217 0.00863383 0.00703559 0.005907
 0.00597301 0.00949005 0.01406766 0.00420348 0.00479183 0.00510369
 0.00451412 0.00858699 0.00654786 0.00577035 0.00622272 0.00564268
 0.00604284 0.00565293 0.00491606 0.00457421 0.00932476 0.00475054
 0.01042659 0.00988946 0.00443944 0.00306301 0.00493501 0.01830297
 0.00515111 0.00358703 0.01337749 0.00704299 0.00308569 0.00552753
 0.00422894 0.00578506 0.00562552 0.00500887 0.00460806 0.00686114
 0.00286038 0.00263834 0.00808476 0.01719851]
Global Positive Bias (Gp): [0.0030877  0.00221506 0.00139946 0.0007646  0.00051255 0.00278627
 0.00435273 0.00393836 0.00668806 0.00351376 0.00360741 0.00185026
 0.00183419 0.00405153 0.00208777 0.00265398 0.00406159 0.00418766
 0.00373527 0.00222958 0.00696437 0.00351428 0.00389687 0.00650174
 0.00379869 0.00339505 0.00132396 0.00101494 0.00481841 0.00232475
 0.00405572 0.00334906 0.00226311 0.00194942 0.00307388 0.00137451
 0.00326231 0.00354944 0.00219031 0.00511991 0.00541634 0.00706334
 0.0021925  0.00294876 0.00193771 0.001463   0.00145699 0.00326144
 0.00674852 0.00595456 0.00107302 0.00168944 0.00798242 0.00817083
 0.00477982 0.00045434 0.00609138 0.00385172 0.00763055 0.00369474
 0.00714006 0.00518031 0.00588757 0.0019815  0.00205546 0.00093373
 0.00389302 0.0022833  0.00783989 0.00360632 0.00330516 0.00359573
 0.00133063 0.00161282 0.00180383 0.0039291  0.00728053 0.00139548
 0.00368651 0.00629381 0.00146678 0.00273992 0.00477288 0.00525413
 0.00231304 0.00361157 0.00555306 0.00601095 0.00421913 0.00495274
 0.00378825 0.00531242 0.00229772 0.00136096 0.00753182 0.00332542
 0.00135706 0.00243415 0.00250713 0.00446183]
Confusion Factor (CF): [0.01 0.01 0.01 0.01 0.01 0.01 0.01 0.01 0.01 0.01 0.01 0.01 0.01 0.01
 0.01 0.01 0.01 0.01 0.01 0.01 0.01 0.01 0.01 0.01 0.01 0.01 0.01 0.01
 0.01 0.01 0.01 0.01 0.01 0.01 0.01 0.01 0.01 0.01 0.01 0.01 0.01 0.01
 0.01 0.01 0.01 0.01 0.01 0.01 0.01 0.01 0.01 0.01 0.01 0.01 0.01 0.01
 0.01 0.01 0.01 0.01 0.01 0.01 0.01 0.01 0.01 0.01 0.01 0.01 0.01 0.01
 0.01 0.01 0.01 0.01 0.01 0.01 0.01 0.01 0.01 0.01 0.01 0.01 0.01 0.01
 0.01 0.01 0.01 0.01 0.01 0.01 0.01 0.01 0.01 0.01 0.01 0.01 0.01 0.01
 0.01 0.01]

Category-wise Statistics:

Easy Classes:
Number of classes: 33
Accuracy: 0.7615 ± 0.0986
Range: [0.6100, 0.9500]
Mean Negative Bias (Gn): 0.0085 ± 0.0044
Mean Positive Bias (Gp): 0.0058 ± 0.0013

Classes in this category:
  36: 0.6100
  17: 0.6200
  28: 0.6500
  88: 0.6500
  6: 0.6600
  54: 0.6600
  62: 0.6600
  75: 0.6600
  83: 0.6700
  61: 0.6800
  39: 0.6900
  21: 0.7000
  86: 0.7100
  99: 0.7200
  91: 0.7300
  40: 0.7500
  87: 0.7500
  89: 0.7600
  79: 0.7600
  56: 0.7700
  49: 0.7800
  23: 0.8100
  60: 0.8100
  20: 0.8300
  76: 0.8300
  8: 0.8400
  48: 0.8500
  41: 0.8800
  58: 0.9100
  94: 0.9200
  52: 0.9300
  68: 0.9300
  53: 0.9500


Medium Classes:
Number of classes: 33
Accuracy: 0.5115 ± 0.0624
Range: [0.4100, 0.6100]
Mean Negative Bias (Gn): 0.0058 ± 0.0018
Mean Positive Bias (Gp): 0.0034 ± 0.0006

Classes in this category:
  81: 0.4100
  29: 0.4200
  0: 0.4200
  64: 0.4300
  70: 0.4300
  47: 0.4400
  22: 0.4400
  5: 0.4400
  9: 0.4500
  15: 0.4500
  43: 0.4700
  18: 0.4900
  95: 0.4900
  59: 0.4900
  78: 0.5000
  98: 0.5100
  71: 0.5300
  10: 0.5300
  90: 0.5300
  57: 0.5400
  25: 0.5400
  16: 0.5500
  13: 0.5500
  7: 0.5500
  31: 0.5500
  69: 0.5600
  37: 0.5700
  82: 0.5800
  34: 0.5900
  66: 0.6000
  85: 0.6100
  24: 0.6100
  30: 0.6100


Hard Classes:
Number of classes: 34
Accuracy: 0.2988 ± 0.0826
Range: [0.1000, 0.4100]
Mean Negative Bias (Gn): 0.0049 ± 0.0014
Mean Positive Bias (Gp): 0.0016 ± 0.0005

Classes in this category:
  55: 0.1000
  4: 0.1100
  3: 0.1200
  65: 0.1800
  35: 0.2000
  27: 0.2100
  93: 0.2400
  50: 0.2600
  96: 0.2700
  26: 0.2700
  46: 0.2800
  72: 0.2800
  92: 0.2800
  77: 0.2900
  51: 0.3000
  2: 0.3000
  63: 0.3000
  11: 0.3100
  73: 0.3100
  44: 0.3400
  33: 0.3400
  84: 0.3400
  45: 0.3500
  74: 0.3500
  80: 0.3500
  32: 0.3600
  67: 0.3600
  38: 0.3800
  97: 0.3800
  42: 0.3900
  19: 0.3900
  14: 0.4000
  1: 0.4100
  12: 0.4100

All plots have been saved in the './CIFAR' directory.
{'cad': 0.2066787603988373, 'gn': array([0.00372632, 0.00538072, 0.00625456, 0.00432334, 0.00335305,
       0.00594316, 0.00627034, 0.00585603, 0.00699765, 0.00627136,
       0.00888176, 0.00538646, 0.00323449, 0.00637472, 0.0062111 ,
       0.00534856, 0.00681399, 0.00309064, 0.00598852, 0.00305609,
       0.00944963, 0.00362738, 0.00669065, 0.00842803, 0.00458921,
       0.00874968, 0.00536931, 0.00304123, 0.00629706, 0.00586193,
       0.00635048, 0.00598063, 0.00701458, 0.00359083, 0.00382436,
       0.00405024, 0.00403451, 0.00399429, 0.00443595, 0.01073983,
       0.0204935 , 0.01103509, 0.00292193, 0.00261556, 0.00848449,
       0.00592247, 0.0050567 , 0.00395142, 0.00707145, 0.00699927,
       0.00615283, 0.00402958, 0.00980422, 0.01607121, 0.00587587,
       0.0037238 , 0.00396217, 0.00863383, 0.00703559, 0.005907  ,
       0.00597301, 0.00949005, 0.01406766, 0.00420348, 0.00479183,
       0.00510369, 0.00451412, 0.00858699, 0.00654786, 0.00577035,
       0.00622272, 0.00564268, 0.00604284, 0.00565293, 0.00491606,
       0.00457421, 0.00932476, 0.00475054, 0.01042659, 0.00988946,
       0.00443944, 0.00306301, 0.00493501, 0.01830297, 0.00515111,
       0.00358703, 0.01337749, 0.00704299, 0.00308569, 0.00552753,
       0.00422894, 0.00578506, 0.00562552, 0.00500887, 0.00460806,
       0.00686114, 0.00286038, 0.00263834, 0.00808476, 0.01719851]), 'gp': array([0.0030877 , 0.00221506, 0.00139946, 0.0007646 , 0.00051255,
       0.00278627, 0.00435273, 0.00393836, 0.00668806, 0.00351376,
       0.00360741, 0.00185026, 0.00183419, 0.00405153, 0.00208777,
       0.00265398, 0.00406159, 0.00418766, 0.00373527, 0.00222958,
       0.00696437, 0.00351428, 0.00389687, 0.00650174, 0.00379869,
       0.00339505, 0.00132396, 0.00101494, 0.00481841, 0.00232475,
       0.00405572, 0.00334906, 0.00226311, 0.00194942, 0.00307388,
       0.00137451, 0.00326231, 0.00354944, 0.00219031, 0.00511991,
       0.00541634, 0.00706334, 0.0021925 , 0.00294876, 0.00193771,
       0.001463  , 0.00145699, 0.00326144, 0.00674852, 0.00595456,
       0.00107302, 0.00168944, 0.00798242, 0.00817083, 0.00477982,
       0.00045434, 0.00609138, 0.00385172, 0.00763055, 0.00369474,
       0.00714006, 0.00518031, 0.00588757, 0.0019815 , 0.00205546,
       0.00093373, 0.00389302, 0.0022833 , 0.00783989, 0.00360632,
       0.00330516, 0.00359573, 0.00133063, 0.00161282, 0.00180383,
       0.0039291 , 0.00728053, 0.00139548, 0.00368651, 0.00629381,
       0.00146678, 0.00273992, 0.00477288, 0.00525413, 0.00231304,
       0.00361157, 0.00555306, 0.00601095, 0.00421913, 0.00495274,
       0.00378825, 0.00531242, 0.00229772, 0.00136096, 0.00753182,
       0.00332542, 0.00135706, 0.00243415, 0.00250713, 0.00446183]), 'cf': array([0.01, 0.01, 0.01, 0.01, 0.01, 0.01, 0.01, 0.01, 0.01, 0.01, 0.01,
       0.01, 0.01, 0.01, 0.01, 0.01, 0.01, 0.01, 0.01, 0.01, 0.01, 0.01,
       0.01, 0.01, 0.01, 0.01, 0.01, 0.01, 0.01, 0.01, 0.01, 0.01, 0.01,
       0.01, 0.01, 0.01, 0.01, 0.01, 0.01, 0.01, 0.01, 0.01, 0.01, 0.01,
       0.01, 0.01, 0.01, 0.01, 0.01, 0.01, 0.01, 0.01, 0.01, 0.01, 0.01,
       0.01, 0.01, 0.01, 0.01, 0.01, 0.01, 0.01, 0.01, 0.01, 0.01, 0.01,
       0.01, 0.01, 0.01, 0.01, 0.01, 0.01, 0.01, 0.01, 0.01, 0.01, 0.01,
       0.01, 0.01, 0.01, 0.01, 0.01, 0.01, 0.01, 0.01, 0.01, 0.01, 0.01,
       0.01, 0.01, 0.01, 0.01, 0.01, 0.01, 0.01, 0.01, 0.01, 0.01, 0.01,
       0.01]), 'category_stats': {'Hard': {'mean_gn': 0.004881586050457344, 'std_gn': 0.0014486733199096415, 'mean_gp': 0.0016425812134360648, 'std_gp': 0.0005288356416306399, 'mean_cf': 0.01, 'mean_accuracy': 0.2988235294117647, 'std_accuracy': 0.0826318805405087, 'min_accuracy': 0.1, 'max_accuracy': 0.41, 'num_classes': 34, 'class_indices': [55, 4, 3, 65, 35, 27, 93, 50, 96, 26, 46, 72, 92, 77, 51, 2, 63, 11, 73, 44, 33, 84, 45, 74, 80, 32, 67, 38, 97, 42, 19, 14, 1, 12]}, 'Medium': {'mean_gn': 0.00577217054965603, 'std_gn': 0.0017573137068752564, 'mean_gp': 0.003440102721727714, 'std_gp': 0.0005634494842449297, 'mean_cf': 0.01, 'mean_accuracy': 0.5115151515151515, 'std_accuracy': 0.06243159709543024, 'min_accuracy': 0.41, 'max_accuracy': 0.61, 'num_classes': 33, 'class_indices': [81, 29, 0, 64, 70, 47, 22, 5, 9, 15, 43, 18, 95, 59, 78, 98, 71, 10, 90, 57, 25, 16, 13, 7, 31, 69, 37, 82, 34, 66, 85, 24, 30]}, 'Easy': {'mean_gn': 0.008547840683697589, 'std_gn': 0.004447083488080725, 'mean_gp': 0.005821047064422295, 'std_gp': 0.0013356065153011258, 'mean_cf': 0.01, 'mean_accuracy': 0.7615151515151515, 'std_accuracy': 0.0985691946506004, 'min_accuracy': 0.61, 'max_accuracy': 0.95, 'num_classes': 33, 'class_indices': [36, 17, 28, 88, 6, 54, 62, 75, 83, 61, 39, 21, 86, 99, 91, 40, 87, 89, 79, 56, 49, 23, 60, 20, 76, 8, 48, 41, 58, 94, 52, 68, 53]}}, 'class_accuracies': [0.42, 0.41, 0.3, 0.12, 0.11, 0.44, 0.66, 0.55, 0.84, 0.45, 0.53, 0.31, 0.41, 0.55, 0.4, 0.45, 0.55, 0.62, 0.49, 0.39, 0.83, 0.7, 0.44, 0.81, 0.61, 0.54, 0.27, 0.21, 0.65, 0.42, 0.61, 0.55, 0.36, 0.34, 0.59, 0.2, 0.61, 0.57, 0.38, 0.69, 0.75, 0.88, 0.39, 0.47, 0.34, 0.35, 0.28, 0.44, 0.85, 0.78, 0.26, 0.3, 0.93, 0.95, 0.66, 0.1, 0.77, 0.54, 0.91, 0.49, 0.81, 0.68, 0.66, 0.3, 0.43, 0.18, 0.6, 0.36, 0.93, 0.56, 0.43, 0.53, 0.28, 0.31, 0.35, 0.66, 0.83, 0.29, 0.5, 0.76, 0.35, 0.41, 0.58, 0.67, 0.34, 0.61, 0.71, 0.75, 0.65, 0.76, 0.53, 0.73, 0.28, 0.24, 0.92, 0.49, 0.27, 0.38, 0.51, 0.72]}
